0	1.51038429999608
1	0.614319599990267
0	1.55129859998124
1	0.395938700006809
0	1.25590910000028
1	0.633761000004597
0	0.751183400017908
0	0.56545660001575
1	0.63073499998427
0	1.30685340001946
0	0.386594000010518
1	0.540112300019246
1	0.553849999996601
0	2.37246260000393
1	1.39744949998567
1	1.47355289998814
1	0.870095299993409
1	1.77376300000469
1	1.02061530001811
0	0.787719799991464
1	0.390348099987023
1	1.39934679999715
1	0.694241599994712
0	0.994795400009025
1	0.446048799989512
0	0.749137300008442
1	0.467223399988143
1	0.910542300000088
1	0.995650299999397
1	0.855331800004933
1	0.463266800012207
1	1.12329489999684
1	0.547708900005091
0	1.31780730001628
0	0.362638399994466
0	0.394659000012325
0	0.555343999993056
1	1.0436267000041
1	0.476408499991521
1	1.12127390000387
0	1.34320190001745
1	0.668913400004385
0	1.49944740001229
1	0.395944399992004
0	1.53931029999512
1	0.331386400008341
1	0.822157299990067
1	0.437562800012529
1	0.599466699990444
1	0.583146600023611
1	1.41868919998524
0	0.788811200007331
0	0.385016099986387
1	1.96413300000131
1	0.621549600007711
0	1.19390750001185
1	2.67236870000488
1	0.578573200007668
1	1.06927120001637
1	0.769211400009226
1	0.608854499994777
1	0.582883800001582
1	1.51591940000071
1	1.03740580001613
1	0.975087099999655
1	1.42218230001163
1	0.766630300000543
1	0.467235000018263
1	0.619923799997196
1	1.14150500000687
0	0.412072899984196
1	0.411390699999174
1	0.593887900002301
1	0.61857880000025
1	0.773295299994061
1	0.518724399997154
0	1.2456991999934
1	0.765168000012636
1	0.567648600001121
1	0.782728299993323
1	0.613519199978327
1	0.874442500004079
1	0.630207200010773
1	0.386775399994804
1	1.14022069997736
1	0.751401599991368
0	0.884932299988577
1	0.554141400003573
1	0.695441999996547
0	0.701438799995231
0	0.642899900005432
1	0.394721699994989
1	1.64098520000698
0	0.743771299981745
1	0.343774600012694
1	0.438067499984754
0	1.04218560000299
1	0.447536299994681
1	0.470631599979242
1	0.378297600022051
0	1.43074989999877
1	0.605619300011313
1	0.534085999999661
1	0.789484400011133
1	0.580149400018854
0	1.08807630001684
1	0.497064099996351
1	0.536100800003624
0	0.687952300009783
1	0.378359800000908
1	0.376283499994315
1	0.827082200004952
1	0.396196699992288
0	0.867217299994081
1	0.440993500000332
1	0.514617299981182
1	0.38458760001231
1	0.567097399994964
1	0.561311600002227
1	0.868951299984474
1	0.593487400008598
1	0.55842549999943
1	1.16524769997341
0	0.591796399996383
1	0.71540630000527
0	0.920932000008179
1	0.481182300020009
0	1.17227270000149
0	1.08048590001999
1	0.598732699989341
1	0.909811999998055
1	0.516182499995921
1	1.27013080002507
1	0.845903200010071
0	0.494439899979625
1	0.992414700012887
0	0.836465800006408
1	1.38320609999937
1	0.858826799987582
1	0.470956000004662
1	0.826347900001565
1	0.741799600014929
0	0.531394299992826
1	0.544645999994827
1	0.785688799980562
0	1.50914370000828
0	0.650879699998768
0	0.568431199993938
1	0.721278099983465
0	1.18465979999746
1	0.386904699989827
1	0.532356699986849
1	0.565805599995656
1	1.26540959998965
0	1.08307610001066
1	0.938406100001885
0	0.842573800007813
1	2.32341730000917
0	1.78014669998083
1	0.62106470001163
1	1.6445773000014
1	0.446805600018706
0	1.22138959998847
1	0.651138100016396
0	1.37521050000214
1	0.408292199979769
1	0.522303199977614
0	0.833518100000219
1	0.615333299996564
1	0.552612900006352
1	1.65918560000136
1	0.878726400027517
1	0.54772229999071
1	0.522141399997054
1	0.666720300010638
1	0.927623499999754
1	0.437228800001321
1	1.01408309998806
1	0.529587900004117
1	1.17584109999007
1	0.573715500009712
1	1.09003769999254
1	0.821719400002621
1	0.778666300000623
1	1.32225420000032
1	0.64861039997777
1	0.950827199994819
0	1.08494540001266
1	0.481236999999965
1	0.890360100020189
1	0.430125099985162
1	0.567119099985575
0	0.846480999985943
1	0.74354769999627
1	1.29243639999186
0	0.427789600013057
0	0.456813700002385
0	0.357768999994732
0	1.1881882000016
1	0.500245000002906
1	0.597256000008201
1	0.564368899998954
1	1.31090459998813
1	0.735540199995739
1	0.876840999990236
1	1.75304430001415
1	1.24264800001401
0	1.05736199999228
1	0.859375100000761
1	1.05812990001868
1	0.426653200003784
1	0.856122900004266
1	0.593592499993974
1	0.807566000003135
0	0.77642169999308
1	0.880025699996622
0	0.973560700018425
0	0.570044500025688
1	0.725028599990765
1	0.633874100021785
0	0.408239199983655
1	0.463772099989001
1	0.799706199992215
1	0.540305800008355
1	0.585933700000169
1	0.421943099994678
1	0.434913400007645
0	0.713942800008226
1	0.550835900008678
0	0.467596300004516
1	0.812580800004071
1	0.795104699995136
0	0.509644200006733
0	0.419046900002286
0	0.999240100005409
1	0.895295199996326
1	0.842559000011533
1	0.444234800001141
0	0.509490700002061
1	0.517925600026501
1	0.49504569999408
1	0.719139099994209
0	0.509482599998591
0	0.642494500003522
1	0.300884800002677
1	0.404076900013024
1	0.653596800024388
1	0.531686100002844
0	0.427570100000594
1	0.440990800008876
1	0.853618199995253
0	0.623869599978207
1	0.42746750000515
1	0.433179199986625
1	0.360610000003362
1	0.484399500011932
0	1.13004700001329
0	0.623661400022684
1	0.479018600017298
0	0.704422099981457
1	0.357442200009245
1	0.421401199972024
1	1.08555079999496
1	0.598659500014037
1	0.398892400000477
1	0.829736900021089
1	0.500041899998905
1	0.388588000001619
1	0.458713200001512
1	0.421786100021563
1	0.492772000026889
0	1.20637010000064
1	0.419644400011748
1	0.506589900003746
1	0.431579199997941
1	0.585609200003091
0	1.01099120001891
0	0.540659399994183
1	0.353091900004074
1	0.51626619999297
0	0.673311999998987
1	1.15348850001465
1	0.382589100016048
1	0.532734500011429
1	0.378140500019072
0	0.512419200007571
1	0.312188699987018
0	0.560576399991987
1	0.434402000013506
1	0.655745399999432
1	0.309467899991432
1	0.701499600021634
1	1.03624300000956
1	0.733483899995917
1	0.87795819999883
0	0.938212699984433
0	0.426891299983254
0	1.03092539997306
1	0.489936199999647
1	0.508413000003202
1	0.740574700001162
1	0.349447899992811
1	0.579046500002733
0	0.4837850999902
1	0.463143100001616
1	0.369386400008807
0	0.733346200024243
1	0.553534299979219
1	0.486259799974505
1	0.391290400002617
1	0.441769500001101
0	0.908698999992339
0	0.612511899991659
1	0.611500200000592
1	0.926399399992079
1	0.4969565999927
0	0.993672700016759
1	0.587612200004514
1	0.489763000019593
1	0.474986799992621
1	0.513208999997005
1	0.49168990002363
0	0.529105399997206
1	0.713989499985473
1	0.419975900003919
1	1.53956060000928
0	0.858087100001285
1	0.850169999990612
0	0.950068099977216
0	0.382963899988681
1	0.558622200012906
1	0.424826200003736
1	0.556670799996937
1	0.523085299995728
1	0.422331699985079
0	1.39473159998306
0	0.7853296000103
1	0.573845300008543
1	0.530032200011192
0	0.647872500005178
0	1.67691900001955
1	0.398483600001782
1	0.637523899989901
1	0.504322399996454
1	0.851160699996399
0	0.693229800002882
1	0.345342900021933
1	0.796434899995802
0	0.561328099982347
1	0.424745600001188
1	0.615382899995893
1	0.533042800001567
1	0.390401400014525
0	0.935703699971782
0	0.570337800018024
1	0.497827600018354
0	1.69517550000455
1	0.620605899981456
1	1.47952110000188
1	0.722337100014556
1	0.72980249999091
1	0.554738199978601
1	0.7891929000034
0	0.777886700001545
0	0.749971799988998
1	0.425944600021467
0	0.783548400009749
0	0.37904620001791
1	0.674420199997257
1	1.25308680001763
1	0.57392169997911
0	1.24658820001059
0	0.459711300005438
1	0.544635600002948
1	1.68722599998
1	1.16290200001094
1	0.506622400018387
0	0.372774000017671
1	0.556840100005502
0	1.13692190000438
1	1.00289550001617
1	0.483381600002758
1	0.884067600010894
0	0.889114699995844
0	0.942026499978965
1	0.470499699993525
0	0.995216500014067
1	0.468979799974477
1	1.1171949999989
1	0.477549800009001
1	0.815751300018746
1	0.6057725000137
1	0.365456900006393
1	0.523715399991488
1	1.04053679999197
1	0.366212199995061
1	0.481228199991165
1	0.560022300021956
1	0.837216999992961
1	0.663573900004849
1	0.706376000016462
1	0.492600500001572
1	0.99942729997565
1	0.759456900006626
0	0.762437500001397
1	0.579124199983198
0	0.888637900003232
0	0.692872699990403
1	0.777723400009563
1	0.54027880000649
1	0.744836800004123
1	0.46161349999602
1	0.419865000003483
1	0.492904299986549
1	0.838399799977196
0	0.686033500009216
0	0.679758200014476
1	0.976148699992336
1	0.477705900004366
0	0.689274799980922
1	0.647733899997547
1	0.702624400000786
0	0.841007000009995
1	0.34499740001047
1	0.698830000008456
1	0.495341000001645
1	0.554406000010204
1	0.49305849999655
0	0.49201760001597
0	0.429555900016567
1	0.392573799996171
1	0.591223399998853
0	0.597900499997195
1	0.562611200002721
1	0.418084700009786
1	1.96466150000924
1	0.780201200017473
1	0.526718000008259
1	0.53188080000109
1	0.7317303000018
1	0.651402199990116
1	0.452460200001951
1	0.509101999981795
1	0.393421599990688
0	0.550958800013177
1	0.520033499982674
1	0.461058400018374
1	0.369144500000402
1	0.723173600010341
1	0.446024500008207
1	0.35544410001603
1	0.641926099982811
1	0.501615200017113
1	0.549454699998023
1	0.440677000005962
0	0.679082700022263
1	0.397645699995337
1	0.739287900010822
1	0.529231399996206
0	0.453993300005095
0	0.255167200026335
1	0.51056699999026
1	0.417451099987375
1	0.518212499999208
1	0.500685400009388
0	0.821142500004498
1	0.425255500013009
1	0.387918400025228
1	0.408187700028066
0	0.126245899999049
0	0.904432599985739
1	0.258085799985565
0	0.482455899997149
1	0.307694999995874
0	0.540731299988693
1	0.494990900013363
1	0.498467800003709
1	0.461566300014965
0	0.772577800002182
0	0.602722699986771
1	0.42219459998887
0	1.00899629999185
0	0.816314099996816
1	0.709178000019165
1	0.495931199984625
1	0.583441599999787
0	0.620112500007963
1	0.35606469999766
1	0.41904649999924
1	0.414906599995447
0	0.629600000014761
1	0.319536800001515
0	0.427067100012209
1	0.427342200011481
1	0.834451699978672
1	0.906954299978679
1	0.473019800003385
1	0.966506700002356
1	0.405203200003598
1	0.410527000000002
1	0.455874300008873
0	0.836915299994871
1	0.58424450000166
0	0.928612899995642
0	0.802730900002643
1	0.372794599999906
1	0.778335199982394
1	0.662209800007986
0	0.697414099995513
1	0.456307700020261
1	0.934157999989111
1	0.510286100005032
1	0.4247064999945
1	0.535177999990992
1	0.509859800018603
1	0.403591900016181
0	0.551775400002953
0	0.315061500004958
1	0.601209499989636
1	0.405980300012743
1	0.662622399977408
0	0.715809399989666
1	0.627754400018603
1	0.420293500006665
1	0.302078000007896
1	0.468621000007261
1	0.322606999980053
0	0.554482099978486
1	0.429152299999259
1	0.285364600014873
1	0.445675299997674
1	0.789523899991764
1	0.586879299982684
0	0.305952199996682
1	0.463026900019031
0	0.345012999983737
1	0.364900399988983
1	0.453157900017686
0	0.426623700011987
1	0.343981300015002
1	0.508898300002329
1	0.540196499990998
1	0.423981100000674
1	0.322275900020031
1	0.475118200003635
1	0.273919200000819
0	0.928104499995243
1	0.468580899992958
1	0.443096000002697
0	0.285384899994824
0	1.09335490001831
0	0.483096399984788
0	0.379937299992889
1	0.47534179998911
1	0.407564599998295
1	0.506636300007813
1	0.752617899997858
1	0.377680100005819
1	0.546823800017592
1	0.525696400000015
1	0.711322400020435
0	0.543971899984172
1	0.516102699999465
1	0.31732830000692
0	1.20390150000458
0	0.327970599988475
1	0.570949600019958
1	0.658271699998295
1	0.461805600003572
1	0.401929600018775
1	0.386444800009485
0	0.863678299996536
1	0.373221100016963
1	0.431382200011285
1	0.399208999995608
1	0.37277630000608
1	0.457292300008703
1	0.372411800024565
0	0.425274200009881
1	0.509265400003642
0	0.344409400015138
1	0.273216100002173
0	0.71352539997315
0	0.359064899996156
1	0.628777000005357
1	0.609223599982215
1	0.59006329998374
1	0.546896299987566
1	0.513158399990061
0	0.613343700009864
1	0.678445799974725
1	0.376389399985783
0	0.614791700005298
1	0.497033699997701
0	0.348814600001788
1	0.476573199994164
0	0.90900889999466
1	0.41123399999924
1	0.901775199978147
0	0.90471690002596
1	0.585540600004606
1	0.867208200012101
0	0.361795799981337
0	0.471701899979962
0	0.546752800000831
1	0.469160100008594
0	0.725099999981467
1	0.857642599992687
1	0.360153799992986
1	0.603132000018377
1	0.429832299996633
1	0.393694600003073
0	1.03873299999395
1	0.678046099987114
1	0.745772599999327
1	0.647326299978886
1	0.600916000024881
1	0.65309169999091
0	0.611327199992957
1	0.429921300004935
0	0.857006800011732
1	0.48918869998306
1	0.421232599997893
1	0.44944920000853
0	0.63686840000446
1	0.544845600001281
0	0.764219800010324
1	0.572125900012907
0	0.580243100004736
1	0.371963700017659
1	0.48295799997868
0	0.768622200004756
1	0.453303399990546
1	0.543602699995972
1	0.518223999999464
1	0.940365599992219
1	0.433976600004826
1	0.827581399993505
1	0.736429200012935
0	0.472356799989939
0	0.438764699996682
1	0.417507999984082
0	0.789091200014809
0	0.331139000016265
1	0.625694399990607
1	0.42656610000995
1	0.651308700005757
0	0.557292000012239
1	0.415147899999283
0	0.650633199984441
1	0.337935399991693
0	0.420290000009118
1	0.406310199992731
0	0.781407099973876
1	0.529969800001709
1	0.5268412999867
0	0.564427400007844
0	0.505585000006249
1	0.588379099994199
1	0.432206299999962
1	0.866609999997308
0	0.617073800007347
1	0.432675899995957
1	0.667308599979151
1	0.414749499992467
1	0.728400599997258
1	0.591012900025817
1	0.589090599998599
1	0.417876999999862
0	0.721161499997834
0	0.570642299979227
1	0.376781600003596
1	0.449742299999343
0	0.395227100001648
1	0.340023900003871
1	0.394094499992207
1	0.297800800006371
0	0.268896299996413
1	0.386956900008954
0	0.538980699988315
0	0.674564699991606
1	0.594748200004688
1	0.536117300012847
0	0.706432800012408
1	0.373140299983788
1	0.525559900008375
1	0.516352400009055
1	0.403386300022248
1	0.633463300007861
1	0.395413899997948
1	0.424930800014408
0	0.647724399983417
1	0.331434899999294
1	0.540467199985869
1	0.332892800011905
1	0.403095899993787
0	1.06532979998155
1	0.558244500018191
0	0.769535500003258
1	0.472960600018268
1	0.335739800008014
1	0.506726499996148
0	0.466606400004821
1	0.421288200013805
1	0.5094685999793
1	0.379754800000228
1	0.550832600012654
1	0.446655299980193
1	0.484557699994184
0	0.89351640001405
1	0.565656499995384
1	0.352450799982762
1	0.351524199999403
0	0.845006500021555
0	0.365739300003042
1	0.416819400008535
0	0.516824999998789
0	0.277764400001615
0	0.38399259999278
0	1.08690490000299
0	0.724726799991913
0	0.348831099981908
1	0.793393800006015
1	0.424979300005361
1	0.437305100000231
1	0.463418700004695
1	0.625509099976625
0	0.697044600005029
1	0.492062999983318
1	0.440931699995417
1	0.65829500000109
1	0.338831400003983
1	0.420780600019498
1	1.25682670000242
1	0.393951300007757
1	0.672342800011393
1	0.551180100010242
0	0.449458199989749
1	0.402063000015914
1	0.417868499993347
0	0.520378599991091
0	0.343677900003968
0	0.433583899983205
0	0.649845799984178
1	0.505938799993601
0	0.701037499995437
1	0.396712100016885
0	0.734927599987714
0	0.393008100014413
1	0.59241650000331
0	0.809109800000442
1	0.358142000011867
0	1.51472700000159
1	0.413422100013122
1	0.697159999981523
1	0.704889600019669
1	1.03435820000595
1	0.516028399986681
0	0.700812900002347
1	0.596786800015252
0	0.496080800017808
1	0.557813199993689
1	0.565276999986963
1	0.654773999995086
1	0.699066500004847
1	0.739077599981101
1	0.353141200001119
1	0.478122799977427
1	0.4121901000035
1	0.635830899991561
1	0.42100610001944
1	0.403756000014255
1	0.750178599992068
1	0.456444700015709
1	0.589441500022076
0	0.597523400007049
0	0.545704299991485
1	0.684528599987971
1	0.746470999991288
0	0.79722540001967
1	0.699371499998961
1	0.448280999989947
1	0.867114099994069
1	0.75752429998829
1	0.867593500006478
1	0.491334799997276
1	0.843750600004569
1	0.830358800012618
0	0.667846500000451
0	0.716898499988019
1	0.539456900005462
0	0.537058399990201
1	0.714801400026772
1	0.488064300006954
0	0.427068800025154
1	0.53103139999439
1	0.483322400017641
1	0.726305400021374
1	0.837390999979107
1	0.406160699989414
1	0.454501500003971
0	0.698131699988153
1	0.417963800020516
1	0.778058600000804
0	1.00868050000281
1	0.503437200008193
1	0.422112699976424
1	0.867064199992456
0	0.901946999976644
1	0.490440199995646
1	0.742671099986183
1	0.611095100000966
1	0.584947800001828
1	0.425378099986119
1	0.357621899980586
1	0.392403400008334
0	1.1392253000231
1	0.567675899976166
0	1.51779190002708
1	1.56434330000775
1	0.627087900007609
0	0.823310700012371
1	1.17801020000479
1	0.844435200007865
0	1.02428099999088
1	0.965737200021977
1	1.53115310001886
1	0.67544339998858
1	0.694495699979598
0	1.39032949999091
1	1.07002240000293
1	1.21046220001881
1	1.21291169998585
0	1.12584129997413
1	1.65803489999962
1	0.596238500002073
1	1.17826800001785
1	0.757424799987348
1	0.622520999982953
1	0.981442399992375
0	1.54343359998893
0	1.68195019999985
0	0.620150200003991
1	1.65198140000575
0	1.08265279998886
1	1.65156949998345
1	1.82755170000019
0	1.03352199998335
0	0.671768300002441
1	1.42409960000077
1	0.642084799997974
1	0.668942199990852
1	1.40430599998217
1	1.80830569998943
1	0.728456100012409
1	0.908699899999192
0	1.18966619999264
1	0.539974799990887
1	0.840917300025467
1	0.845387500012293
1	1.69556300001568
0	1.42858490001527
1	0.918772899982287
0	1.74724450000213
1	0.648421899997629
0	1.48569689999567
1	1.67551040000399
1	0.748970599990571
0	1.74985439999728
0	1.40524779999396
1	0.691785200004233
1	0.845405900006881
0	0.767198199988343
1	1.34653179999441
1	0.695355600008043
1	1.11875470000086
1	1.80510359999607
1	1.4263625999738
1	1.34194839998963
1	1.11024609999731
0	1.23345199998585
1	1.0715522999817
1	1.55525659999694
1	0.922880700003589
1	1.40306009998312
1	1.17206480001914
1	1.23955249998835
1	0.711973700003
1	0.845052299991949
1	1.13165699999081
1	1.46141759998864
1	0.804629299993394
1	1.15984740000567
1	1.39665989999776
1	1.63513239999884
1	1.4252131000103
1	2.1626690000121
1	1.32552539999597
0	1.34487229998922
0	0.909837900020648
1	0.758409699978074
1	1.44624820002355
1	1.2204073999892
1	1.29565759998513
1	1.03602949998458
1	1.24133770001936
0	1.61882370000239
1	0.701113999995869
1	0.802771300019231
1	1.5641930999991
1	0.784030600014376
0	1.11790949999704
0	0.807983000006061
0	0.757609599997522
1	0.683128300006501
1	1.44465699998545
1	0.822434100002283
0	1.65833750000456
1	0.588132899982156
1	1.08451320001041
1	1.39587539999047
1	0.661715900001582
0	2.29994629998691
1	0.707962799991947
1	1.07351180000114
1	0.727326399995945
0	0.874861800024519
1	1.49407069999143
1	0.727627600019332
1	0.974419200007105
1	0.820169700018596
1	0.82260350001161
1	0.983285299997078
1	0.958231500000693
0	0.892557599989232
0	0.622422599990387
1	0.865314700000454
1	1.2519169000152
1	1.5250473000051
0	1.0523983000021
1	2.19341119998717
1	1.11249799997313
1	0.701032799988752
1	1.14932199998293
1	0.725945999991382
1	1.12343010000768
0	1.00010239999392
0	1.11193010001443
1	0.933531499991659
0	1.856715300004
1	0.591804700001376
1	1.42267259999062
1	1.87955250000232
1	1.29128880001372
1	0.692968899995321
1	0.787414599995827
1	0.837118900002679
0	1.24082889998681
1	0.860104199993657
1	0.614435000024969
1	1.42519099998754
1	0.794521500007249
1	0.842206099972827
1	0.669947999995202
0	1.83673580002505
1	1.47740040000645
0	1.16666419999092
1	1.26341080002021
1	1.82468210000661
0	1.249187599984
1	0.614667300018482
1	0.915466800011927
1	0.650721599988174
1	0.788982800004305
1	0.903927699982887
1	1.01196119998349
1	0.753161600005114
1	0.756185799982632
1	0.914360700000543
0	1.53476339997724
1	0.599349500000244
0	1.01412780000828
1	0.721006100007799
1	0.728405700006988
1	0.711595999979181
1	1.42710440000519
1	1.18733250000514
1	0.607250499975635
1	0.79105110000819
1	1.08413040000596
1	1.26572500000475
1	0.80334050001693
0	1.05471050000051
1	0.707822800002759
0	0.876103399990825
0	2.28403070001514
1	0.678200299997116
1	1.94447359998594
1	1.30579980000039
1	1.04201259999536
1	1.49693609998212
1	1.26490500001819
1	0.904990399983944
1	0.730860900017433
1	0.853164699976332
1	0.71823920001043
1	0.755679599998984
1	1.6041508000053
1	0.681443999987096
1	0.878510900016408
1	0.871916100004455
1	0.744212799996603
1	0.578887499985285
1	1.78385549999075
1	0.652662100008456
1	1.09068130000378
1	0.977753899991512
1	0.745621000009123
0	0.738483399996767
0	0.802393099991605
1	0.948442799999611
1	0.682878599996911
1	0.608244999981252
1	1.0789104999858
1	0.656745500018587
1	0.702560300007463
1	0.838056900014635
1	1.14693629997782
1	0.565192899986869
1	0.645936200016877
1	1.17143290000968
1	0.810310900007607
0	1.04424720001407
1	0.511152000020957
1	0.760274000000209
1	1.04171889999998
1	1.60505829998874
0	0.628482400003122
1	0.56510010000784
1	0.72798719999264
1	0.622310300008394
1	1.19520829999237
1	1.43802279999363
0	0.717826800013427
1	0.603709299990442
1	0.616910400014604
0	0.754262099973857
0	0.605075199971907
1	1.01886309997644
0	1.02521610000986
0	2.02787709998665
1	1.57110830000602
0	0.63665860000765
0	1.04899119999027
1	0.720293099991977
0	0.670171100005973
1	0.79677499999525
0	1.13570879999315
1	1.0214879999985
1	1.06001909999759
1	1.19910920000984
0	1.09851660000277
1	1.03306439999142
1	1.16883400001097
1	0.878037000016775
0	1.04078609999851
1	0.88900300001842
0	0.771955200005323
1	1.69337580000865
0	1.10753490001662
1	1.92456059998949
1	0.968541000009282
1	0.76371990001644
1	1.08229329998721
1	0.665580600005342
1	0.988909499981673
1	1.78880320000462
1	0.765701800002716
1	1.72100169997429
0	0.775009100005263
1	0.612647200003266
1	0.82150580000598
1	0.971446899988223
0	0.817710100003751
0	1.04950130000361
1	1.62839600001462
1	1.13249369998812
0	0.99126619999879
0	1.68463429997792
1	1.37342580000404
1	1.39824929999304
0	1.33942579998984
1	1.58202649999293
1	0.993586700002197
1	1.08237590000499
1	0.956376399990404
1	1.72565040001064
1	1.20224139999482
1	0.59999090002384
0	0.972040099994047
1	1.12119340000208
1	0.631208100006916
1	0.784651599999052
1	0.594702800008235
0	0.786303400003817
1	0.625139799987664
1	0.623901300015859
0	1.2502991000074
1	0.763132899999619
1	0.701560200017411
0	0.659611299983226
1	0.652936400001636
1	0.952853900002083
1	1.21701579997898
1	0.997769100009464
1	0.744146599987289
1	0.822243700007675
1	0.973219099978451
0	0.999826899991604
1	0.604761399998097
1	0.799809999996796
0	1.18101040000329
1	0.59076439999626
1	0.720396499993512
1	0.707837599999039
1	0.720473800000036
0	1.60073980002198
1	0.833519100007834
0	0.726384799985681
1	0.800430299976142
0	1.62286719999975
1	1.33507270002156
1	0.615410200000042
0	0.656919800007017
1	1.1200203000044
0	1.41769089997979
1	0.597530300001381
1	1.11668890001602
1	1.11720000000787
0	1.11470289999852
1	0.765975800022716
0	1.88967630002298
1	0.617240900028264
1	0.931817600008799
1	0.623316999990493
1	0.623000799998408
1	1.10996650002198
1	0.76016870001331
1	0.665778900001897
1	1.25616299998364
1	1.05237200000556
1	0.604527399991639
1	0.773577200016007
0	0.800851500011049
0	0.690688900009263
1	0.615293500013649
1	0.99042630000622
1	1.23702070000581
1	0.522201100015081
1	0.677763199986657
1	0.589906200009864
0	0.654929200012702
1	0.569763300009072
1	1.05556400000933
1	1.20687969998107
1	0.733452199987369
0	1.33103709999705
0	0.780617599986726
1	0.503987399977632
0	1.09258900000714
1	0.843706599989673
1	0.558877100003883
1	0.914535199990496
1	0.59977760000038
0	0.982241999998223
0	0.771436899987748
1	1.18348279999918
1	0.802222500002244
1	0.953838900022674
1	0.765269499999704
1	0.960082299978239
1	0.61986840001191
1	1.00267380001605
1	0.501870400010375
1	0.756617600010941
1	1.27784809999866
1	0.608078300021589
0	1.57593819999602
1	0.817973099998198
1	0.597568199998932
1	1.02589020002051
1	0.637842399999499
1	0.6533193999785
1	0.80928529999801
1	1.15132259999518
0	0.602895800024271
0	0.570558600011282
1	0.668564199993853
1	0.650016700004926
1	0.594005099992501
1	1.40696140000364
0	0.651681100018322
1	0.741530500003137
1	1.1342474000121
0	0.724518100003479
1	1.1409703999816
1	1.27561310000601
1	1.26051299998653
1	1.07758880002075
0	1.50838839999051
0	2.06020879998687
1	0.892545799986692
1	0.59684029998607
1	0.636697999987518
1	0.568181300011929
1	0.654199100012193
1	0.801956799987238
1	0.922544499975629
1	0.661889900016831
1	0.632828600006178
0	0.623641599988332
0	0.801681300014025
1	0.729180299997097
0	0.937965799996164
1	1.5804969999881
1	0.550576800014824
1	0.574840400018729
1	0.611011400003918
1	0.847896399995079
1	0.552827000006801
1	0.909604999993462
1	0.641596600005869
0	0.865207900002133
0	0.653571700007888
1	0.454439599998295
1	0.687933200009866
1	1.06145559999277
1	0.540108899993356
1	0.618118099984713
1	0.61284380001598
1	0.559526500001084
0	1.07503549999092
1	1.096353299974
1	0.571660999994492
0	1.00957170000765
1	0.590668100019684
1	1.09078299999237
1	0.781060699984664
0	1.25674290000461
1	0.645748500013724
1	1.37554020000971
1	0.67587450001156
1	0.845482499978971
1	0.846416199987289
1	0.795794699981343
1	0.586646900017513
1	0.807932900002925
1	0.680576899991138
0	0.984236899996176
1	0.644739099981962
1	0.593707200023346
0	0.738011199980974
1	0.864433100010501
1	0.999227499996778
1	0.714813700004015
1	0.636150999984238
1	0.585651000001235
1	0.943234800011851
1	0.601715800003149
1	0.573733400000492
1	0.587441400013631
1	0.862863399990601
1	0.926045600004727
1	0.642717299982905
1	0.781374099984532
1	0.981279300001916
1	0.957058700005291
1	0.870203800004674
1	1.24561179999728
0	0.753599699994083
1	1.36183569999412
0	0.673919099994237
1	0.666869600012433
1	0.976045900024474
1	0.586857099988265
1	1.14671730002738
1	0.554049400001531
1	0.564216500002658
0	1.26471279998077
0	1.42837340000551
0	1.09394660001271
1	0.885731500020484
1	1.10388400001102
0	0.99954560000333
1	0.684067499998491
1	0.704702699993504
0	1.37276860000566
1	1.50654139998369
1	1.60739089999697
0	1.32729230000405
1	1.54475050000474
1	1.27303839998785
1	0.690382200002205
1	0.657058800017694
1	1.19689870000002
1	0.906420100014657
1	0.953410599991912
1	1.25727210001787
0	1.18338510001195
1	0.745335499988869
1	0.9866905999952
1	0.769662800012156
1	0.872137700003805
1	0.643859500007238
1	1.30327549998765
1	1.0989402999985
1	0.824223800009349
1	1.14343880000524
1	0.996875399985583
1	0.682894199999282
1	0.646371900016675
1	1.48996499998611
0	1.48433209999348
1	0.526015899988124
1	1.82469070001389
1	0.712461699993582
0	1.71199919999344
1	0.599424300016835
1	0.905357799987542
1	0.892980400007218
0	0.928524399991147
1	0.634582600003341
1	1.14501040001051
1	0.736516100005247
0	1.17297149999649
1	0.921256599976914
1	0.622259600000689
1	0.591751300002215
0	0.940267400001176
1	0.674586500012083
1	0.782980199990561
1	0.660964299982879
1	1.22225890000118
1	0.881785200006561
0	0.60931930001243
1	0.635080600011861
0	0.727098499977728
1	1.10126799999853
1	0.776550900016446
1	0.874288399994839
0	0.931020599993644
1	0.664434999984223
1	1.06493769999361
1	0.915914800018072
0	0.906430000002729
0	0.995302499999525
1	0.61829700000817
1	1.3711103000096
1	0.858064000000013
1	0.683013700006995
1	0.698465399997076
1	0.844645100005437
1	0.617097699985607
1	0.729924400016898
1	0.809683200001018
1	0.653148999990663
0	0.951089300011517
0	1.31979150002007
1	0.473140299989609
0	0.858665300009307
1	0.895363399991766
1	1.19307539999136
1	1.61925230000634
1	0.865269300004002
1	0.559853000013391
1	1.07740380000905
1	0.710460300004343
1	0.929264899983536
1	0.818987500009825
1	1.03368439999758
1	0.814640000025975
1	0.596597199997632
1	0.635842199990293
0	0.521129100001417
1	0.924760499998229
0	1.12106360000325
1	0.522312100016279
1	0.59364020000794
0	1.26859299998614
1	0.641137300000992
1	0.569679799984442
1	1.33976789997541
1	1.11499679999542
0	1.10145950000151
1	1.24231820000568
1	0.57694790000096
1	1.30634610002744
1	1.07866849997663
1	0.654026700009126
1	0.861100500012981
1	0.74280110001564
0	1.24775640000007
1	0.618925799994031
1	0.786134499998298
0	0.890572000003885
1	0.810859799996251
1	0.753604099998483
1	0.602349799999502
1	0.774620000011055
1	0.637688400020124
1	0.548019300011219
0	0.921231400017859
1	0.699969699984649
1	0.61930960000609
0	0.901963200012688
1	0.512552100000903
1	0.571351499995217
1	0.875693799986038
1	0.915553600003477
1	0.595613800018327
0	0.66075570002431
1	0.690039899986004
1	0.592205599998124
1	0.568725400022231
1	0.496343400009209
1	0.508463800011668
0	0.70733200001996
0	0.698174000019208
1	0.501287399994908
1	0.723680100025376
1	0.609249399974942
1	0.556698700005654
1	0.874062899994897
1	0.70929860000615
0	0.691895199997816
1	0.628575400012778
0	0.914836500014644
1	0.766134599980433
0	1.02257969998755
1	0.427443299995502
1	1.10188229999039
0	0.820922499988228
1	0.752430900000036
1	0.575795999990078
1	0.766996399994241
1	0.821189599984791
0	0.832051299978048
0	0.766437699989183
1	1.304226200009
1	0.798576599976514
1	1.40065940000932
1	1.39166160000605
1	3.83732229997986
1	0.730434099998092
1	0.968103999999585
1	0.680479700007709
1	0.714115099981427
0	0.755959999980405
1	0.686773399997037
1	0.665189799998188
1	1.13032339999336
0	1.14895310002612
0	0.914769000024535
1	0.857853900000919
1	1.17422789998818
1	0.657334299990907
1	0.909324999985984
0	1.52937289999682
1	0.551448399986839
1	0.620857899979455
1	0.891995899990434
1	1.40052530000685
1	0.807714399998076
1	0.666898700001184
1	0.996009999973467
0	1.11030450000544
1	1.10249419999309
0	1.33552189997863
0	0.579959000024246
1	0.712928500026464
1	0.633455300005153
1	1.49162789998809
1	1.50664020000841
1	0.605291900021257
1	0.622583300020779
1	0.966779200010933
0	1.07164969999576
1	0.754236199980369
0	1.10710429999745
1	0.673896499996772
0	0.719217500009108
0	1.05350539999199
1	0.942740899976343
1	1.28298239997821
0	1.3441354999959
1	0.509270899987314
0	1.23694169998635
1	0.546688300004462
1	1.4627266000025
1	0.955762700003106
1	1.1383283000032
1	1.51404060001369
1	0.602394999994431
1	0.770322800002759
0	1.19440110001597
0	1.27872430000571
1	1.17675479999161
1	0.92962089998764
0	0.978155999997398
1	1.73369259998435
0	1.01796399999876
1	0.735915600002045
1	0.741631499986397
0	0.906139900005655
0	1.47831879998557
1	0.727001699997345
0	1.05619860001025
1	0.5970321999921
1	1.12488619997748
1	1.05943429999752
1	1.01330170000438
0	1.9199197999842
1	0.612653099989984
0	1.37135400000261
1	1.27168470001197
1	1.38748770000529
1	1.14100350000081
1	0.710894800024107
1	1.66594210002222
1	0.613816199998837
1	0.958882100007031
1	0.792599400010658
0	0.918101599992951
0	1.01434920000611
0	1.4722741000005
1	0.646928700007265
1	1.06129519999376
1	0.807264999981271
0	1.28247510001529
1	1.78267000001506
1	1.08662550000008
1	0.804816499992739
0	1.33436460001394
0	0.959977299993625
1	0.787224900006549
1	1.087434999994
0	0.956428100005724
1	1.37823370000115
1	0.675607399985893
1	0.895608899998479
1	0.975066999992123
0	1.47424800001318
1	0.730607000004966
1	1.18698800000129
1	0.97992549999617
1	0.742760299996007
1	1.29315099999076
0	1.41849140002159
0	1.25908389998949
1	1.16914299997734
0	1.11750599998049
1	1.14265900000464
0	1.23909250000725
1	1.1445327999827
1	0.757988099998329
1	1.1049525999988
1	1.33019100001547
1	0.743290100013837
1	1.1314238999912
1	1.23262840000098
1	0.821261300006881
1	0.710835800011409
1	1.20791239998653
1	1.27415929999552
1	1.39995209997869
1	0.806208399997558
1	0.970696200005477
1	0.68668610000168
1	1.17679009999847
0	1.80370829999447
1	0.74785470002098
1	0.686224900011439
1	1.34279369999422
1	1.16215530000045
1	0.728626600001007
0	0.952956199995242
1	0.750962299993262
1	0.944511999987299
1	1.14173629999277
1	1.18728329997975
0	1.00327879999531
1	0.830846899974858
1	0.664019099989673
0	1.17579410001053
1	1.13905329999398
1	0.947084599989466
1	1.53777100000298
1	0.935412299993914
1	0.90147509999224
1	0.834509200009052
1	0.962552000011783
1	0.854961300006835
0	1.31868580001174
1	0.680919499980519
1	1.12131970000337
1	0.658088099997258
1	0.742689999984577
1	1.31007750000572
0	0.723717899993062
0	0.544807500002207
0	2.39737580000656
0	1.47705399998813
1	1.15944079999463
1	0.697888499998953
1	0.930187599995406
1	0.866065699985484
0	1.59130030000233
0	0.947829199983971
1	1.30859000000055
1	0.839224100025604
0	1.59078960001352
1	1.0243388999952
1	0.687398699985351
1	1.35649969999213
1	1.14368430001196
0	0.958028299995931
1	0.951351800002158
1	1.42056950001279
1	0.978257199982181
1	1.50296650000382
1	1.419067299983
1	0.863491900003282
